001
002
003
005
011
012
015
016
017
018
022
024
029
031
034
035
039
040
043
046
047
048
049
050
053
054
055
059
060
061
062
063
064
069
071
073
074
075
077
078
079
080
081
082
086
089
090
091
092
093
094
095
096
098
103
105
106
108
109
113
114
116
120
121
122
127
129
130
131
133
134
136
137
139
141
142
143
144
147
148
150
151
152
153
156
161
162
163
166
167
173
179
186
187
199
200
201
207
208
209
210
211
213
215
216
220
221
222
224
227
229
230
233
236
238
240
241
244
245
247
250
251
253
254
255
256
259
260
261
264
267
268
271
273
274
275
277
279
280
281
284
285
286
289
294
297
298
